25.884794271291227 0.00017630400318756722 0.590708726768591
26.917751500822582 0.018947274556112288 1.1590467170717307
23.797101707099497 3.1475237663533445e-05 1.0576836209889775
22.115254176448524 0.0005582377773143635 0.5544591667211324
15.326179276208325 0.004808999899533408 0.5660101660434232
19.44565523988932 2.001553537239072e-06 0.6319670522512544
13.59091721027323 1.019840038203685e-05 0.5101452620470677
23.1340514253854 9.380259544721473e-07 1.1668033694180566
18.034260593507987 9.066562523535898e-05 1.267726934909181
14.855275115061684 8.348296229976597e-07 0.8126838607810515
20.70761273562635 6.678267480810583e-07 0.549351316830039
15.114466294522316 1.084345994490399e-05 1.4065723029993724
19.861071490427967 3.606617225588182e-05 0.7183730932977029
21.471191319216178 1.4949095420424126e-06 0.6669957354727193
15.375260401872374 0.012359079364030301 0.5246279244200359
14.259454176984539 0.01247760078667328 0.5606119107488
17.84101589258229 1.044066339096753e-06 0.970885642082221
21.136262883240157 0.0012702523569464537 0.6653108647776474
15.362653259178423 4.4024405649670666e-06 0.8591342488488004
21.345829212840282 3.793191853681182e-07 0.9081739661217829
22.08444824755863 4.5489166880481464e-05 0.8403617989464963
13.772960496425256 2.205705334229129e-05 0.8920548536015823
18.6620692567926 7.402156553873057e-07 1.554408347876863
26.036916325638963 7.399875246668529e-07 0.5758020568050762
20.765264458724822 0.003846923818813333 0.891182326896996
9.843462602218045 0.0008105714110623024 0.5562891422241645
11.313476954733876 7.978069027724504e-05 0.8764402388268552
21.262262144426078 0.0005667727235681396 0.9317491156999155
26.306131878818647 0.002577161701870523 0.9851711556694239
13.13618341942486 1.487896322604536e-05 1.0368618823004536
31.621851199444787 1.956645502763114e-05 0.7971231773027662
17.027603316307555 8.073280504915414e-07 0.758123117693993
21.26625439293036 3.0556888782277323e-06 0.6414472234219454
15.937990702178734 0.00042712723889465505 0.8333115920240939
15.052242233635537 0.00011814814848016941 0.7916547463968417
15.429644903661563 5.5923143796003375e-06 1.0902134996164914
30.648394342571457 6.513137320431812e-07 0.7582441303624171
15.655208435193893 0.04154010762790487 0.6232712505794746
15.354671440928017 0.005209141710579448 0.5693461579659405
25.858297412382903 5.444946077830387e-06 0.7799586954873523
28.735497507096134 1.3967676361958631e-05 0.6834308060745373
25.303897424969065 2.931719448266963e-07 0.6465418064113354
22.987490923112333 5.912784627732712e-07 0.6876173183805544
20.854092174782092 5.071566294428481e-05 0.8781478110195757
13.138128676097129 2.0896963315205892e-05 1.211645283460952
22.885019023183904 0.00044405625177763993 0.8050848517748643
20.459273411049487 6.0570893560182255e-06 0.7306527148601571
20.144198146759017 0.00012710853796697686 0.7140186935491619
20.795952119601843 6.466948112421711e-06 0.7713815537110158
30.302497705783768 2.437617491655455e-06 0.8870063209234692
15.855077018450768 0.0001013213435762202 1.0524504749248809
15.824945360163259 0.0003943076040193966 0.8287981674213253
23.318167149426014 0.0005425232889849022 1.3562297444947504
25.716373312500096 0.0007230425174609005 0.7151004371533107
24.268698565863424 2.973876561056169e-06 0.6947122794608056
17.80394604923216 7.386708350154783e-06 0.9889991368315696
25.174633168305377 2.449383323090954e-05 1.4810284437389438
24.9129089068795 6.864690893853668e-07 0.6285674688816899
14.753969867698563 0.0142268324999103 0.8671912326698574
17.578523913772642 2.1291107015198955e-06 0.6685622997177488
31.425118925841137 6.047923183785875e-06 0.8627677442132375
17.674749885946387 0.00058527193289022 0.8457830222788294
18.94946068639142 1.515612491227904e-05 0.8251795591695886
18.650052001742615 3.506599145852365e-05 0.7849198339495764
18.804102585089296 4.217128971161115e-06 1.0205062875462316
18.293507738559057 2.1440915109537572e-06 0.8323427989842683
19.391390115713342 5.446951730323724e-06 1.0360542459182658
17.308353254669672 1.392604566850341e-05 0.45998086509978764
19.228457572527777 7.959041141178256e-06 0.7786168874351884
18.23892346202713 5.14451169290715e-05 0.6591042206660531
13.759133061199979 0.0003504874590312148 0.7439570389019403
14.378971915298868 1.7061393274156682e-06 0.6828559135297914
17.871388357655498 5.0813567383095276e-05 0.7193840897527266
17.67512851945468 6.375157769565513e-06 0.8898575082502187
18.464004950875896 2.161480160777961e-05 0.5671150687566836
29.51149766073815 0.00010551649128104588 1.0621529872421
34.74424342205751 0.00013987617522967383 0.7656312205834443
26.67699482067252 4.4549401952825445e-06 0.7260207776882037
19.257713018943114 5.493083475312597e-07 0.8244193835346332
19.90191341230902 1.8789692905821718e-06 0.9287320008071693
19.528532415378624 6.123477622880793e-07 0.799409483561341
30.865166922260407 5.674733468992825e-06 0.8296175652670058
17.586089925582957 1.432013988432182e-06 0.8668859821450327
35.087361605541105 1.432013988432182e-06 0.8668859821450327
