2.6292723396567736 0.2016484708774306 0.44106139686340134
1.7402703127082877 0.10345246200960319 0.9928035735433118
2.180834204823874 0.19335699930957773 0.9511824637666895
1.7974401924868355 0.18265831687454304 0.7253263884775476
2.6771954507573072 0.09923277096967967 0.8022367401589638
0.8589489111092148 0.13311083382425054 0.8645987402899058
2.415909254962633 0.08104742278334184 0.6388628907566671
2.1498266251881426 0.09074264669887591 0.5843129504116011
2.501553979170042 0.07040163290134084 0.5981515152577261
3.8266893541124554 0.019257495805249474 0.688226159523266
3.325768527969744 0.10518509240569396 0.6381807196546334
2.2537649368143877 0.11761159758872179 1.2807835772298195
2.2052966556156837 0.0869930221583545 0.5413070799817501
2.676870674254701 0.19082107945343618 1.0874317646206264
2.7208613336398875 0.1153493578603129 0.9568866147891196
1.2598880091550697 0.1636746850527954 0.5820797158687588
1.8324263158985963 0.05133967054891189 0.5766111522021712
1.8345488930066183 0.28828912416074803 1.109202016137725
2.0505784198311887 0.14485966620801374 0.7050180886160684
1.3089109984268315 0.21650919392873805 1.0458805235236985
3.571459408455655 0.14555075129743963 0.5766248657261658
1.8051348964047527 0.06378241040133817 1.0872934586821164
1.8171962562069899 0.2336155639528144 0.720962550410037
1.6720823635364486 0.2118675152330485 1.3250867349256898
1.5167757300621236 0.2596794212322814 1.1797881113358362
1.1504355103501558 0.30404078624768976 1.0841210853602077
2.636666968636402 0.15741541405549336 0.6420201279930681
2.2558646181149213 0.15158126818830792 0.6375634334233187
1.7765253047410905 0.21366458182668685 0.915136513469882
1.5638910151046703 0.09157162317667936 0.9686293242003703
2.1142806239451666 0.041029184874096715 0.6525125568244741
0.8469156183471453 0.18248090148059062 0.6157063343989668
1.8225448935437816 0.051453272728973654 0.8309595321855212
1.3053541760946947 0.12627188102744688 0.804966530978746
2.4270741113456653 0.046604012400826005 0.8144956646443846
2.8458913379077893 0.17633371328995653 1.0700420939620063
1.2981301130259002 0.2479755669449271 0.969341594870844
2.3257258211594887 0.09795764843766393 0.6852605349029427
1.441682483639819 0.31724340725384215 0.833694348756131
1.8505777734018316 0.1594860081736794 0.40791646950705335
2.253071127759799 0.11437844126916417 0.5060072120414169
2.2276411200285122 0.1055279323171909 0.80827871418361
2.041256821467759 0.15566801947200612 0.5708508308734167
1.8666551332265564 0.26116992847586007 1.470402220337271
2.432190282227238 0.16978552255819102 1.1084229252128799
2.046730540218684 0.3506304662335845 1.8636995588532448
2.0400441235540336 0.06497218487131012 1.0297232508842853
2.3572004555646764 0.13054504634432912 0.6443588649688651
1.3175390551876922 0.23280268380082694 0.4718184447255768
1.4563305791661845 0.11711366369048623 0.6214985277559689
1.8668292202236394 0.2329792341790742 0.6015733626788528
2.2093887642288452 0.02868010165772576 0.5574978413010644
2.0752956415009205 0.1387652944927157 0.3857462413764557
3.1594038568614957 0.28014073493783825 1.6194380092026337
2.1122467430745426 0.10078327455587384 0.8471759751964442
1.432730219142538 0.24648952954332096 1.060036271782619
1.471112940186812 0.04866527383413623 0.5182729924180572
1.8199246097848745 0.22515830064399867 1.3201953201459096
2.903007038829441 0.09463307219636241 0.5769602382656444
2.739027410935898 0.21578659457138963 0.5531387316567012
1.7799320952958528 0.048114328851369174 0.8433613771799423
0.822662273064291 0.1006974377197871 0.5642686768094985
1.843283405801458 0.09050659200493463 0.799205039096275
2.5636208848283433 0.3364109804778286 0.801438007167336
3.0129939754356725 0.15679119385207743 0.795382297013973
2.1316182688747443 0.09440923315538105 0.7105187943210591
1.6988654400707612 0.09796388588414036 0.7367494459273365
2.094419359545045 0.14811350525170017 1.0935526312644728
1.8882834538965414 0.10684703795145564 0.796876541029858
1.6223024867668314 0.10050409791692189 0.9149352920796747
1.9592720094714893 0.3626149045179658 0.914851082518886
2.00726515260662 0.016451050944233075 0.9026422029611337
1.7234818374723728 0.44178844969938263 1.3305035311246465
2.921562404552416 0.1830006575644781 0.6558162483565837
1.816949553040536 0.02703386856208145 0.5874726676454859
2.410775085890483 0.05324255321143581 1.3323913851988785
2.6219727297882875 0.21615940848909956 0.4002747518768685
2.1859092931558886 0.08343501065040594 0.6183386927797492
2.693597962485677 0.04212370992035502 0.701360063226738
1.7139363132048828 0.07694475744610886 0.7592184102769276
2.4620465086336036 0.1465816908371722 0.7829058407336554
2.489862714032967 0.17311143988876318 0.8844372396980632
2.0598437041009103 0.0756315316708597 0.6919258824812207
2.3620669054942747 0.26476850625833137 1.1859577365271592
1.7533803401266235 0.4513200365851368 1.4584843976978195
2.013263741603465 0.0474069176260214 1.0811037832185557
2.4715842244971324 0.15004111498309153 0.39423518590610596
1.8157733040162243 0.05870279000821049 0.47629875177749825
1.961873548506613 0.04964448267588323 0.4522196055042212
2.0149495564285838 0.16900529091637304 0.6430349920748323
2.178757195491397 0.1198320872075782 0.5342457464918322
1.5619198448107567 0.14802378459507343 0.6771422941769835
2.8514702978622357 0.22685781355415996 1.0059427420563392
1.639363314336776 0.15980657868210493 0.7060446028372734
2.6116348052886598 0.38249448452082124 1.3424142899690148
1.602943331737507 0.17585660723359678 0.6872971175682934
1.9962432383744586 0.2480594904535483 1.4740996287941381
2.240130559488744 0.0610929971833123 1.331965390794824
1.9758637514741713 0.08510420242278395 0.5227740038821438
1.8748573181489434 0.1586507187298056 0.8436809524489888
2.378150828683031 0.1443218220012145 0.9733746171206722
0.9895190913255011 0.3229893207067122 0.5640145873994096
1.297245556327049 0.30789520557817585 0.6310542553040561
1.996366713850437 0.04420535262919242 1.015140531026205
1.995426547998889 0.03775121906475507 0.5139197720114758
1.7364206160588391 0.08006379164621268 0.9441862915956934
2.491387890753436 0.042100257398592425 0.534221463478963
1.8607417765715992 0.0996155490061535 0.8480957512992099
2.168901701666535 0.3716488774749469 0.8076928034894512
2.0433692752684713 0.10805910314678728 0.7094219119658614
2.9087754820117206 0.19797631552352526 1.0685241132618617
3.4020254006972737 0.2230861846213401 1.2712834941676936
1.5777807952280376 0.06453198207831784 0.6911471472884795
1.7001273686696274 0.18245679756538266 0.42445479262537456
1.3558542178985806 0.04114790347556124 0.4208250599292118
1.1205146140321105 0.12368459891945534 0.43001158504620035
2.1758172729548804 0.07765330836114777 0.4576568045171147
1.7027223899787227 0.15772680449857848 0.6866601907280085
2.026779362480697 0.27325982631538187 0.7402697621391859
1.2442745183612978 0.338269573574636 0.4955909942056077
1.665214471544397 0.21544972909559815 0.9054535740245571
2.0341250896182386 0.17525203333081477 0.9193439528661045
1.8369852649995106 0.23359966919020012 0.7737153996874165
1.771902148189402 0.05469809866368045 0.8583881151389456
1.5891153387554107 0.08520966228806372 0.8271134245544691
3.3655923095107347 0.11586341427048677 0.7090120262779209
1.2714975934900117 0.35066639560350543 1.6072185456047992
2.373479070144514 0.18470229408571107 0.5818283393829295
2.153844451239742 0.16794136207021024 0.7830888422194836
1.7587508585800098 0.04324112173883668 0.38745197117411245
1.7742410010508105 0.06893160869227141 0.5009124728969997
2.149481999824766 0.1484710339211264 0.6858730782407246
2.2456698348632447 0.4371747349043715 1.3504845656292945
2.5611407404756212 0.07602021514831314 0.9156190221103906
1.770068397185111 0.04199648015124678 0.5752941232325945
1.752596000285793 0.11941853495837174 0.6724163782075955
2.496321143022489 0.03221498440472372 0.6225245537513634
3.032045479694041 0.18103536848487317 0.804620976905088
2.7573175071703195 0.12285509160881143 0.6058024337714596
1.7457826918268362 0.030825971797378254 0.8661127909314886
1.878263408593584 0.06435004152515686 0.8382885560975782
1.6625566193927002 0.12536345152921718 0.47019004207484955
1.8199839523733905 0.2858334855917652 0.8653692689842152
1.9923630692334235 0.04997159766902614 0.37341864748466025
1.8225557408485211 0.14216699560150167 1.02943776416416
2.211382618508567 0.2035250827859439 0.8943240328668187
2.247741310741117 0.025740618496882296 1.0072094969758485
2.3749612836494354 0.28275339176477665 1.2620899095144915
1.8236314119612327 0.03379025092464545 0.712215136125223
2.0139463790102954 0.13641870588589486 0.5798932958202333
1.8774374905340527 0.1166998594121002 0.8362564382777972
1.9129676928651644 0.05721448666641599 0.4658206740069545
2.711477394864725 0.09088179044367646 0.6542669637953731
2.6788130272706385 0.07311118855234626 0.7047420632433876
2.1977407412968546 0.048493847050738025 0.6852082788238141
3.2791858101943094 0.12808482128499782 0.37357052286468234
2.8151232036131524 0.10048777516156815 1.1430278778725351
2.701803390161971 0.07490207815020705 0.9632503567858437
2.201238728606719 0.05578118356133347 0.5414226603596465
2.9062918485818723 0.291341957859086 0.4041739332030451
1.3164680054841047 0.24903678882581648 0.47913028993261025
1.6534429907019543 0.17231688788156713 0.8604645589237881
1.5447866909184313 0.11498362328726257 0.6325435345396853
2.1063987605325556 0.10701847297575084 0.8788109084820034
1.0991637770421834 0.07975905122269415 0.66408717592139
2.102498157807348 0.08279820800673658 0.8100542997901894
1.8129622264599732 0.12161286520714139 0.5162724735669966
1.4794973587153426 0.1908191376690425 0.6438032450298056
2.143820984052134 0.20017894310285075 0.41939973453201523
2.0759105826565216 0.2989123573085945 0.48816411699647305
3.537265704508043 0.1700256743588088 0.6891960147740603
2.441636277604712 0.17366294059209367 1.068250728099827
3.110564408526492 0.16231095387906536 0.9090601489716205
1.7092061802082645 0.11978275685354595 0.4383604184377967
2.733773172704366 0.11673877671554152 0.755526780356494
1.5651878700746407 0.49462302755575444 1.4067605551060791
3.513441991369918 0.13348667856769192 0.9270614147179664
1.7149237622203488 0.163932099090257 1.1373405070823497
1.581218300364398 0.1339720636209278 0.7482667225618373
1.669150296400108 0.2018224299245926 0.5233352723960614
2.5768633099864298 0.25013206039092195 1.199596541143307
2.503423433989684 0.21710257084985732 0.48871032400805886
2.602973828308839 0.2678305842649914 0.5091968878242664
1.9842509378060174 0.1241162091488947 0.8081021280771693
2.6753536727007137 0.18772021905422812 1.5369869666647669
0.9111353717899386 0.1478360513614257 0.5606162596811544
1.5603353498809038 0.19864392272735695 0.8810828885602496
2.296951262734115 0.20311203841672504 0.7710687585193873
2.5919146051225743 0.11628453344529016 0.8998588161266512
1.9033356033163045 0.11601272535485725 0.5113111496952989
2.637666966054433 0.3327063001380393 0.5388904903079933
1.594150239138315 0.14647611925384557 0.846125913002524
1.8950370698327932 0.06835964949886822 0.9278647642428649
1.70913575007801 0.13502743050095292 0.991140011842641
1.0083279631926299 0.1468839508830346 0.6376951783899933
0.7758609607940284 0.2116993422408297 0.4989907231022716
1.3601798824969236 0.15333037250810197 1.3877671737924269
1.7165563822634917 0.28149780910624667 0.7339775299022583
2.333238625448245 0.04793871105317252 0.7607468194349444
1.123717318715699 0.21317588288842704 0.8229742681366274
1.8688878644157196 0.06596047897374098 0.5447379297422882
1.8399616097490181 0.033870805030098636 0.8033161335174858
2.519318820078938 0.11543359330338435 0.45985677980024886
1.1410270124007735 0.22024191971372817 0.8262125094978661
1.616877729496953 0.12667671467977815 0.6104017150373845
3.2598730832889746 0.2838697452756867 0.3525287560428385
2.074154602331496 0.13016056000584642 1.4423636933835013
2.55286575013248 0.17887701893596322 0.8034841828359686
2.082648014383555 0.17251725412851363 0.6866330376107977
2.513997102711376 0.035288280449339904 1.3027633800403353
2.5805436288638974 0.21515057263049603 0.698484207986559
0.9461990970156169 0.14812990292516204 2.054769031599284
2.3635437743238565 0.27540363229632436 1.0131445093211116
2.328170585937983 0.13871444859714183 1.0051349512039167
2.1063557968594546 0.13489388990731824 0.6849988641251042
1.7575430329613089 0.3209303128078673 1.5198361777156981
2.141845386245602 0.04186810731977842 0.7156016813076667
2.156835206076427 0.19891266462270063 0.8850412868881599
1.5301887136541543 0.11202006002682159 0.5239804984320436
2.353282377057725 0.12231354504983659 1.0846471035769727
1.429414174292226 0.16038526841514836 1.0053468604650717
2.595299624883733 0.19881538559171147 0.4489471495355932
2.122933304780303 0.08733935051543212 0.8969311870603486
1.7422943126221133 0.13231218071003695 0.9330208264738192
2.921285884407457 0.15104683668829277 0.6691755132093326
0.7545412543661598 0.10715876783925911 0.8533355525107327
2.0013702614506723 0.0873532328063669 0.7987558245619281
1.6069370695398921 0.15857320532085117 0.8766235469888338
2.6307410515353644 0.13224444092935322 0.5575816104147735
1.0168822624206448 0.25897797453670035 0.4376708949865321
1.3812416587393002 0.08320406634295163 1.4265647757712434
2.360880000592596 0.1813599334150683 0.983624055562035
2.0869003933739414 0.06933959555387074 0.45790553511556714
1.5625084236538092 0.10220190919864826 0.3723308408080184
1.228204580679865 0.1267260695740252 0.8796753439700306
1.910500638957732 0.0758520852920011 0.7950212751571452
1.9434343930324407 0.266692692737572 1.8331077569757637
1.8326358194129482 0.1296770684117865 0.7118617771336657
1.5390324103506863 0.08776546779355361 0.9501534304819391
1.598546972491544 0.06106386538724175 0.4531103586588761
1.773141769747732 0.2180385946555102 0.9199973721394082
1.7556431140807376 0.23037134331831197 0.601429406627073
2.381009054048894 0.08153258167108544 0.5795203286782682
0.8809920065967172 0.48570572937908013 1.232507045727203
2.403908176514354 0.3601458317561776 0.9018694543204395
2.7427393518928227 0.1516214627545586 1.7443515118727277
1.3157697472703809 0.20448769719809112 0.563913515118006
1.918824400575085 0.11548503847994432 0.35982709236204785
1.702924090784137 0.259982212049205 0.7282280779641476
0.8283537079680448 0.21319071294313205 0.7151691379657104
2.176487653960134 0.5637328372289199 1.1044309570913042
3.1821010926752518 0.038452581114928115 0.533289636902483
1.4776061444274815 0.1285962238839745 0.5069371073114171
1.4604266229479623 0.12240293077401188 0.9588294861456553
0.7883481607429461 0.27209557142432894 0.8918573994649913
1.7379601103940205 0.050766854839144296 0.9028044430739409
1.9045487961108571 0.10957020023037423 0.9624401199536524
2.0566977650670073 0.09644364817794583 0.7450866423532426
2.432227043101712 0.013672434870531453 0.5599782685476182
2.9055886326278184 0.17370453614436865 0.8526792699524443
2.2271494801075677 0.1614559954376705 0.509233358596688
1.6896838226535946 0.07642149795555103 0.5796679524542112
1.2923427195653772 0.06242043680146081 0.6685715614710277
1.7498434420017572 0.26601158095398153 0.773229308079418
1.7215855077092845 0.1789105180688716 0.8843080058182049
2.154086346771294 0.07959940871561957 0.6447776729829859
2.778700352368373 0.17848597682123257 0.6245395730173754
1.7315223226180136 0.2581965172391532 0.6762164019183359
2.194124280593648 0.06421810428337578 0.8262377532044077
2.4913198594590167 0.32233404738202576 0.8832539582873535
1.884186893170071 0.29160185442603276 0.6585783610427227
1.2179145519595003 0.18282410477367833 0.6420697042023764
1.7638835970931062 0.08613310369790445 0.8803117139113553
2.8349022677975144 0.18052928684970293 0.3860676624110817
1.2714636748128514 0.09059053811876121 0.6346797316360596
2.055762036579524 0.38266947846150834 1.3705039682657387
1.995329361417902 0.10992004300946219 0.44220197293393737
1.3093691435171841 0.11592802684998323 0.49166387588160115
1.6245463204085695 0.07058706718318823 0.4155326167111114
1.9321124357902442 0.032152184681846024 0.3980315628150004
2.8403166815805347 0.09602015695991653 0.9521040523606807
2.13570746872086 0.042232003524164195 0.8168228294350929
2.149070918055678 0.12599689747839277 0.9645508884903614
2.0668577086802045 0.13834606803357682 0.5129817628419688
1.98932971256314 0.14311134175497428 1.3526760228815244
3.5163213309399732 0.2010009986546591 0.8938802134102952
2.1906604329339223 0.1751502991053035 0.7657135216706698
2.573207594696172 0.0963140679751958 0.9275801505011367
1.449658130565452 0.13216085262499114 0.7457656176151249
3.255358216507716 0.11083895534709645 0.6071225109294701
1.4622425972206803 0.15158203993699543 0.6745849321940034
1.110940782885355 0.13350415119715636 0.5561165352111794
2.3496652373252696 0.21467333616844533 1.0147480221988148
2.3865050469303535 0.2905573507719491 0.7491013175996714
2.1011657121216145 0.1086278684730663 0.6708121859650186
3.3890038720634688 0.5073878810131986 1.1417482091205844
1.9437800433767036 0.14419974078701794 1.4446330806803425
3.5029165201465746 0.16851381588127665 0.9084196931065273
1.5048448290630478 0.0861236532963754 0.47259327711299864
2.618087712628687 0.22194380280094408 0.7382981321902002
1.5438033373176254 0.05948967295465765 0.899764036160672
0.9035577923887599 0.1669285810179252 0.9275198540035864
1.7786359048797042 0.09355254776389359 0.7164386497880036
1.8438569530528677 0.07923401226272427 0.4922287904567864
1.5025022396286334 0.21458347258702157 0.8171206850523277
1.6188942664085297 0.11552883756204911 0.46591613666801357
1.4780528873486858 0.09053653074397727 0.639384445968426
2.1812452158861406 0.02589004548031845 0.5067911640535628
1.7183583140996983 0.05209845376314131 0.48345050306826176
1.5021416205106786 0.5402869518217899 0.9906388306068578
2.1793964189861086 0.059118627375042095 0.49694630566004067
1.2128463282946818 0.3387134419402689 1.0540940691166518
2.867162065412177 0.166742223159347 0.6841580080905323
1.6420626532455862 0.1729280060649608 0.7326606150772004
2.1865585748834295 0.6004762041028624 1.2341717530934042
3.1094400333024934 0.2112391147380779 1.1627251066920825
1.2429590468978722 0.17923713846269815 0.3234170237286036
2.463745266642588 0.140471342515146 0.6066681826188134
1.3426526706150168 0.1558774715679365 0.6774704446690402
3.6035035617663875 0.22307220265160208 0.5322240553641764
1.9631524205202957 0.1498496392039262 0.7317984084616578
1.6847059290155122 0.254405230462089 1.0508415737547874
2.2181615806895754 0.18346852876676437 0.4664064244872032
1.669057275351923 0.21842299230313278 0.732610070674653
2.2974808866620786 0.3189727924379097 0.9839282689671133
1.4361737162316444 0.15077152405423835 0.8271582248578433
2.428504849288402 0.17686345006707313 0.7629590190520497
1.7287379471923272 0.11485891939893397 1.2061012013669667
2.2396372200359536 0.017719155274642233 0.9471363890104632
1.1112133362768464 0.1388712414729213 0.7028919966058772
1.760338888217583 0.246674853336912 0.9582563006539135
1.6224786104374855 0.11440844917070202 0.48509054390795003
2.0558920897919313 0.032720967612350285 0.47706655606104986
1.7923094984387398 0.07405948882955687 0.7702696752836546
2.736494792380488 0.16043979861808302 0.9611402790103158
2.658955109872578 0.283192596321905 0.9474424381687976
2.5682518767073232 0.357561553792153 0.7230693269188444
2.1433713747525913 0.12473958674084139 0.6085131583725151
1.2136723049374132 0.135436973175187 1.0885682178034477
2.266466873525271 0.205024829333055 1.2693162913714675
0.9580682717526828 0.12052741055813984 0.49203398714999674
1.5907512542328646 0.10784037953673253 0.6632280061585931
2.6218910040360206 0.241195465222919 1.0401211403787143
1.6903674439377139 0.07483954965945937 0.41963724391561286
1.533431075127273 0.13052004581346416 0.5342458842460386
1.8572637940366556 0.18051056289597533 0.7567104436803991
1.9585266026760895 0.2376777513920032 0.5587117249923915
1.5829545597763048 0.11999329130787825 0.9062088748149967
1.3504586353793144 0.16579976332525742 0.9059003662534713
1.7944852117877177 0.11210074756519334 0.9983067393461627
1.608569532925858 0.048807707188301505 0.5751659521981833
3.3437072944973134 0.1652937386754863 0.8574301752061235
2.6720307195046384 0.19088856727905076 1.179758940422847
2.653641424699562 0.11143096018933989 0.7574155184284481
1.6178542054321101 0.05620806486735 0.8190394912323179
1.4292648675163762 0.08317917573821765 1.1343395467658428
2.1255344311524462 0.11110487396788746 0.9432301606285607
1.3044305661645461 0.17036368568917865 0.9503155326116417
0.9492775146287182 0.43182796897880604 1.396032980920968
1.916668754641962 0.21860460212606211 0.9302044943287595
2.112655426154805 0.060873851838172045 0.58505009085241
1.8202830572631101 0.18199617682184172 0.48619531705542285
2.9210519585400125 0.1833831843699758 1.2597223442876655
1.7522494972194904 0.15537444548530188 0.7089245574807772
2.958994868152577 0.12389648348182379 0.8110667454809339
1.8862582441833584 0.14007862717867484 0.5825988656935942
2.748014508603347 0.06087604113758172 0.6611267098185254
2.825093988257039 0.04991138147028687 0.5469012474233168
2.61727404755195 0.14305636338594385 0.7239879691373546
2.362866362228214 0.16780419961700854 0.824337237616524
2.623105156286019 0.15991890629916905 0.7307684745161455
1.432731600212855 0.19473115596787952 0.8075959781751941
1.6787621419579586 0.06914169523121924 0.8133741468167534
2.550588731077181 0.035450015358055906 0.8380240040626504
1.5813461333680148 0.11015134375581638 0.5692580173246867
1.089990155060871 0.11532218295893402 0.4811120328987903
2.1024028893763225 0.11714108892019061 0.5558488592977577
1.442404638569896 0.05017578506784022 0.30692966318279463
2.5413050279743143 0.026911022203968415 0.7152096197368114
2.78439569677769 0.0846194361887125 0.5502257611586032
2.1844702975225077 0.17919823746318217 1.6193184034943764
2.0096403547834076 0.0597280795964329 0.8812708513048105
3.102009574213927 0.283835695065194 0.8791281739602376
1.1057834779639835 0.2616009387584506 1.3110500679805492
1.4203615454496237 0.08495656974649043 0.6247362714113833
1.6061719665464174 0.08216976683667629 0.7153848465062235
2.004070944830218 0.06878741396742559 0.7215013187158158
1.9894987841708367 0.07392851278090264 0.5739900647166705
2.264437885480448 0.017596302754094528 0.627086473866431
2.708791023768034 0.3663749613084185 0.6285906919370122
2.0910857950486887 0.15055361562033928 0.7639668004458363
1.8880239443637945 0.11961284329185208 0.9905251944451207
1.6560660980594974 0.056389879939743134 0.652401440813425
2.6833267082768186 0.26655546867886243 0.48022667316770995
2.858238878637387 0.16913669948780374 1.0306363212238623
2.0568353180421695 0.5967723665409832 1.4127179418114617
2.1363255414939593 0.13743440900061654 0.7198701407640997
1.3626332555571197 0.06295656376976595 0.6096855799515405
2.218015834833125 0.029651649459511993 0.29193072682905274
1.769347887614685 0.2228079887502852 0.4989664894576285
3.2597227884406386 0.0342543581540946 0.7460353788457523
2.5856276889699217 0.12460012108391307 0.7051542634746781
1.3970054775023337 0.17968099521696648 0.5325760819841948
1.3819544027737436 0.2403134130540452 1.0339362739139417
2.1601952196584 0.13233406738720965 1.1919460620055953
1.552152761624584 0.20553664123535054 0.9761630864614419
2.380211340920042 0.049523000418444596 0.7406952659597091
1.9420292018420253 0.3260414257848488 0.5300404071328765
1.253941984140229 0.26027970467967093 0.9257560114674797
2.467427231550323 0.24882090862314316 0.747110470330341
3.1340109209510296 0.1557782884508068 1.0822588588663986
2.0692582332856544 0.0355777642345201 0.49630818495089923
2.5226049993845123 0.05818953513869558 1.1946465906662875
1.2441805911189372 0.16842184801307916 0.7245629258096655
1.234560900441224 0.18506322115102525 0.9835816759343156
1.6591100309656703 0.09312622826366679 0.7426733123200663
0.8667338060200482 0.18865458994824466 0.6451110067223272
1.3714143219270383 0.23977262956990214 0.5955856834701507
1.715341805076348 0.14910812811533397 0.6189931794504503
1.6798322960758525 0.04713509688547428 0.7098936358824843
3.1462710738011728 0.16533254652879611 1.3172960819359993
2.430042204871403 0.11917533825923947 0.9806056723607429
1.225642584607428 0.12809776029618777 0.7466093868184389
1.650259298094623 0.22505100359045488 0.6965346569302525
1.0892193959522887 0.2137712747546528 0.5339148680938335
1.3869389500247828 0.24124290838153495 0.879968304825106
1.6941108644600351 0.17286051327484447 0.42923790965196296
2.16005294489958 0.1323434826931228 0.4235151848292529
1.9661381549611567 0.05527333955480441 0.7532331344642417
2.2802317186459224 0.12095269165641795 1.4049122331074748
1.6469769858444434 0.2220722288066025 0.3424270767456715
1.9112047079397243 0.27189943693838065 0.794523958193548
1.3350894087323704 0.06500037801114367 0.38298594577987255
1.8699467964981569 0.14527359357917186 0.9626935218955434
1.3266601216306926 0.14820694237897833 0.3647678412082249
2.153633413093458 0.09761022472137867 0.690925334608098
3.1143333390129677 0.03570987705396608 0.7485064814128561
2.1274522699072103 0.12723892198474585 1.4322216012945248
1.8066693871191555 0.11029648819192453 0.37611230917962446
2.138364719634408 0.03420385695963808 0.7586723622148167
2.402752058028609 0.06660221259128762 0.5079492777653702
1.7364780286848795 0.1203959959919659 1.822709088276934
2.69336159327466 0.22168983266991904 0.6479393644985788
1.7445276376723367 0.08702266511766972 0.7052291900990075
1.8372465184687499 0.08313594478915567 0.6850506610327165
0.7467424783931621 0.14888163411022293 0.4299511956940006
1.5687801072777463 0.08391563840360228 0.759282437154104
1.7351989678318918 0.0357077229641029 0.40667617165952863
1.4300426737945566 0.04881132807721116 0.7724646222684503
0.9376431996701924 0.3436528970074198 1.368550776855903
2.419354188164895 0.22846361973049917 0.43332086268724035
2.6325601918021073 0.1651182534033099 0.6938802805941452
2.2816147971935514 0.021251390501163696 1.1868428924668144
2.4314562700510374 0.18663706297825544 1.0601572597294213
1.554711782433873 0.12400564798574544 0.6336960964237531
1.3624934729390157 0.23602890876618474 0.677447157567745
2.0158455039291323 0.03656966932202718 0.8587112389612241
2.185994619803868 0.10331329164278774 0.6650136586184858
2.5687806585568014 0.09880521039895371 0.5549226374242401
1.645470414965155 0.1729373507124972 0.6502021920449098
1.7166971762662389 0.1443779809977511 0.46594469170554664
2.4434320961547575 0.025280582099040622 0.5388293142748097
1.9246203525115302 0.06665889149234187 0.4910980028069544
2.826799573155568 0.06489041480379296 0.7034706645977322
1.349708657100257 0.15176222931845637 1.0757928651918311
1.1706359515906848 0.17443595497587358 0.6524799541318499
1.903185162708452 0.18000572480710147 0.9369594063279706
1.2494624634929126 0.3381537441655292 1.247726261635274
2.425119409220547 0.13819068648716853 0.9541764399461657
2.156188803917944 0.1880850892032645 0.380711980562667
1.5230492744601924 0.21804136899500579 0.7581389226695118
2.5077876032992172 0.12535524001507503 1.4859702929940297
1.0963899070043208 0.23625735120879565 0.5768391520879159
2.250126968734736 0.07702026873978171 0.9296876418127207
2.6458144864459707 0.07703913737340624 0.5726577083842457
1.5750071558428462 0.11300725984664849 0.6131163884585243
2.552574530699099 0.08316768386859724 0.6574591018529204
1.889497568425259 0.16442720334410058 0.9836661356720066
1.5878977189632273 0.15862440202154246 0.602605177861529
1.5384950724355546 0.07686123072419404 0.668106702024195
2.809556328713248 0.09910559592786686 1.0370136205179143
1.4082408584445465 0.11590598091101734 0.6003199154334165
2.7355281461491194 0.12912739413790578 0.7153839977117783
2.544609436382746 0.2316810190216601 1.0017268376725876
1.695844137727823 0.13030543651864604 0.7673102848993051
1.3606470165981102 0.19072456875340948 1.1624977462839985
1.2194448348062301 0.1872423277388826 0.4348667985365145
1.8548593308305872 0.1512863510695126 0.42032990201469067
3.359230115422229 0.15177635301989878 0.5650242107268194
1.914018268766215 0.08435396724325332 0.6325998827463137
2.022639584591997 0.35664456888855495 1.2947764337996375
2.4122528865748323 0.14824383144047368 0.4907136029791431
1.5188160199142502 0.1675519061542496 0.9372491038040542
1.8967757606593327 0.1874165893812696 0.7583963524496875
2.658659020120654 0.0836811554919912 0.4693475798437741
2.889777997032258 0.03444524467608117 0.45536634102075557
1.9822939773888424 0.09434476233709267 0.5600067197595108
2.0077130076663554 0.37445609903941696 1.2348039253296899
1.5878318288908135 0.11972772278778387 0.7652742867183918
1.2667428174608881 0.46534267564755216 1.2900635506226241
2.8847563120065347 0.10370104660712 0.6480254033087526
1.319037211340596 0.21746631732027394 1.0509534989719995
2.753329925026562 0.3905664384327606 0.6994846136163924
1.2457960075120154 0.5065499931582804 0.8243828500040139
2.018541341100343 0.052416433059550176 0.6031164182410561
1.5851568542572128 0.28873433332443205 1.081150207605074
2.714852004809547 0.05114108499136459 0.37311190442874637
1.5396726324537713 0.2723789084112974 0.8657709567392334
0.748853424269334 0.1859814048054713 0.8428851927030429
2.6950179121916507 0.055346563868607965 0.43873557235141797
1.4471673578516238 0.21162426481754412 0.7941553863996439
0.9870072561819261 0.26424860043212345 1.1559733444406208
3.017919878849447 0.033617301157772575 1.0688836822521277
2.491886476670011 0.13081805851218806 0.9996311221632226
2.1262394272027443 0.11986642252998088 1.001984680764706
1.4554163642498312 0.27706152045676213 0.7964705000201653
2.10290423238477 0.28937921230463604 0.703736035830053
2.2613539166661565 0.09441467110227392 0.35960984959830383
2.2358595496944056 0.13299035128110656 0.575616474543903
3.633639294180686 0.13991857632151858 0.7048758174970129
1.665401175104082 0.095953911320599 1.2379399633987866
2.539371327923036 0.06024388565927165 0.6532748203398173
1.8693812975208 0.2523957608099673 1.481920394346708
1.3774775466582583 0.09710741659642488 1.0032385510794084
2.5825793245401827 0.13062714328379837 0.6642610923726745
1.3305321280519298 0.1586160055684993 0.49410456294385363
1.654154139483521 0.08170909973402937 0.6672969232883985
2.5648524957371444 0.04712502869339756 0.5264484400847168
1.9934348757120552 0.07796804160207355 0.40967835970386435
2.3698827535175924 0.1744643288625686 0.9600321519485712
2.9061827181853177 0.00849747914143365 0.3419439518881586
2.057225489457991 0.011906938111279838 0.5103951422698498
1.942644681637152 0.1682064635337734 0.8331520780778707
1.960099937976439 0.0220120377000957 0.6090960869123672
1.0360954786624035 0.13190300488531428 0.40843190993840467
3.55841916691375 0.22357374554449597 1.0497121674391627
1.9046240605711287 0.07729962984095162 0.8958059837765934
1.3332912550697549 0.24324920200072353 0.9524919741860836
1.9084111129376855 0.23504498238120222 0.5546726165492507
3.207084754555983 0.13817938190983156 0.8689648615491836
2.3301017474922934 0.2984815004709856 0.6047761876338935
3.3927727263967364 0.1576057592956428 0.5048015752739936
1.71286473463441 0.19618459438881353 0.8503451748388301
2.0614668133931637 0.278478613129832 0.842634738253568
1.7094609770608111 0.2353859032359708 1.1617810729265003
1.9144390732726038 0.02332815305845753 0.48318226586314894
2.8571566612822563 0.2889388336923455 1.6306503029217096
3.081473737956175 0.3725859098040126 1.6628206759050086
2.0405651992844884 0.0914466867973573 0.963267782028654
1.7474396433711534 0.061642297410335174 0.5850529109565393
2.206798554406949 0.12350437401163031 0.8252944160172273
2.078092708752953 0.08767877685604464 0.9452715513843366
1.22097455577058 0.1373033688616713 0.46300026412249495
2.2660243460283653 0.1260153782357772 0.44635459016532647
2.495215015510701 0.07579097552926915 0.46740247572350985
2.191513890448639 0.2784318636553167 0.8986612748346511
1.8737500402264977 0.02975684253153518 0.4585669717784542
1.5513631355585915 0.13435813967142063 0.8224276246048984
2.5521100471158293 0.024206479598315678 0.6650374213354162
1.8818751100120092 0.09127700432754392 1.1482322806899976
2.0831269218400834 0.22627572473392937 0.8428499058368794
1.4230799623681178 0.09588404617168322 0.5432282938765306
1.6152722177444876 0.11532285608415671 1.1827249151603156
1.8189740848866176 0.11380561049333933 0.4776195748094928
2.696544221988871 0.08587224204486289 0.9057222358024345
2.403008881442073 0.0751866406988659 0.6899768098656723
2.4703232312234658 0.10723139291818523 1.2417344389147251
1.7838878129980815 0.18264060226688208 1.3353830376488955
2.3208420971623975 0.1931978386523527 0.8544352264551506
1.7832323484978947 0.09288501281051163 0.36565474366023576
2.1463331124922886 0.3698206586408202 0.9232138983980619
2.129215937491059 0.5455106685289468 1.3666637667960155
1.7224182342159509 0.13737144231157158 0.5321701892064329
2.3308416591529344 0.1557049834190137 0.5785197718624507
2.1007858556434846 0.014295276450966078 0.6556073019240087
2.3498363147787042 0.1793686314160282 1.2934225784887594
2.0706087159629556 0.12326567185511521 0.498123610073439
1.8960653526905857 0.2723309754699816 0.8718556512657972
2.9215172682148025 0.30565002494588833 1.9516488147035829
1.0482658036954602 0.1112113512551899 0.8708325661288899
1.6138698394407909 0.06415589625076418 0.6757166094132623
1.7729670084800997 0.3918064898452702 0.6454362384924623
2.847376283022532 0.20934445718702663 0.825267356764912
1.9330420693817312 0.09373673243795853 0.7326054685007618
1.977106162738174 0.06762014768967517 0.9329237368714636
1.9323643164673825 0.1088817082360607 0.904757818649235
2.0562909120395023 0.06332820444551243 0.6826904274408344
2.068215939408244 0.2727613032204795 0.644899803708376
2.16856536811792 0.23316230533539462 0.9150936977690268
1.410944952363158 0.21714478679002655 0.5425519335793764
2.5183545748284155 0.24728554124370045 1.2042427354883707
2.110482624498825 0.03610966562915433 0.7978984627785395
2.3424891679743256 0.1253065840500385 0.7259468672375218
2.791442334058562 0.07307678356930672 0.8025732808114421
2.1530739726824644 0.031337753670010335 0.8110797087181267
2.4391774441068144 0.3087545297226508 0.9082045185651696
1.4551819623215538 0.1085676566515713 0.8002110775268346
1.8036944559272692 0.08055120865819457 0.48238021061210873
2.290753245830232 0.13444658979803004 0.4087875424630114
2.274986310058372 0.1344587782269465 0.5763568335948533
2.101306962761519 0.2838582330953461 0.860780600105357
2.224680226033294 0.29507149446084957 1.3126789654735587
2.6420000528811274 0.01957521271852039 1.161117268521318
1.5986724851104657 0.21702921918804488 0.67477278555538
1.3444282303513047 0.2311214975070253 1.7252136136826797
2.602978023427697 0.10046706727270974 0.9866010625380203
1.0727780534795208 0.22252000529842136 0.8915716521058156
1.6395810543397022 0.1262577344481546 1.4056437238407276
2.3036627114505595 0.1172625983689512 0.9338619998513193
3.188161946173755 0.2658287439123831 0.25911289748962646
1.1835750894339787 0.2064773438074952 0.7100314380949302
0.6059862957386118 0.47589224525217916 1.0490869300048633
1.445631955150396 0.07622363924546809 0.43533995618921073
1.74683225608663 0.047451163206254296 1.0156810707810657
1.9355753661897857 0.15114436748163604 0.41118175553101055
1.6118440781436487 0.13382504517674648 0.7666826837780745
1.761444562041111 0.06674719016977322 0.6615452692376649
1.377029522229407 0.0868987883736332 0.5861104719771713
2.2014941963438783 0.257528456139554 0.33626351149841327
2.061650298149736 0.10219510891267086 1.1389097730346835
2.9421689826682136 0.14571541511446526 0.6681793260012527
2.8069064556781065 0.40557223248127255 0.6281291173147879
1.6376962552579106 0.04359243485916591 0.45521042494867203
2.8981740481312004 0.0593245160853885 1.0407411549083163
2.306658867337639 0.20367254518244812 0.5612751235862002
2.612727058480696 0.14803935506468574 0.7677001980494054
2.488201839387219 0.20929034142479158 0.679899226618749
1.8279358382977298 0.159592370252574 0.8482779458498533
2.581420487034427 0.038616848355533424 1.1794538377319945
1.5746669171656271 0.16883011136918621 0.8739406391378888
3.0167636116339964 0.3534863365734284 0.6710162115699836
1.7988453099674209 0.2999990112282271 0.6782998502249381
2.5993294188857523 0.05341279603277752 0.8416806174460559
2.0765188698978596 0.14679700487688999 0.6629410300024234
2.056637568746204 0.2465058914708372 0.7545307038738053
2.440398384417086 0.3248428747388657 0.7705687637092103
1.1513957088310385 0.11156594661145154 0.5792937205357799
2.9926058213438207 0.11899172445628298 0.3871116433267631
2.931297527449681 0.32502342126878964 1.7289477981531165
2.0912730420169456 0.07776864947682285 0.7885963824404293
2.1952379790611145 0.31768393072425893 1.1529852262108982
1.7161027779760176 0.2561551522880857 0.5613151151342071
1.6073818302409308 0.06310474945931131 0.7209739208600879
2.823611891857914 0.29819865118550276 1.403915412044872
2.2056513612622073 0.025613656444665366 0.5458594828575776
1.8161582782732542 0.06519672200556313 0.9196230549497368
1.3092991535790715 0.12501670365286277 0.5269447850415141
2.0953838712189405 0.06971500135329124 0.37256868476010063
1.8972904206493484 0.13691317078415746 0.7136458239764838
1.3929375991550552 0.10811957623058212 0.6713413717798945
1.7848435093928858 0.1014708162999341 0.5115593023366852
1.3318511458981057 0.1281509962295122 0.6814970708919263
1.494850271310799 0.11036105160803328 0.6470721097257053
2.101881350935492 0.22218497212489915 1.1299703602874442
2.258670396040374 0.057864132434646394 0.699880095138565
2.0354799594172106 0.22271762409787155 0.38747135407901856
1.7617830609002778 0.09770193374419933 1.5040234589086998
1.9823069792533088 0.07851956927595437 1.1751418269575367
2.1986374402537177 0.13730129730014445 0.5684012188262594
1.2668667796647723 0.09498601581163287 0.5676010571230291
2.5824963191858537 0.024685850907333107 0.6854044829977203
3.255259844817453 0.1160244453360933 1.4688009640834414
1.8635289737478766 0.0498323454420053 0.9169505031511659
1.4711643908545438 0.0824009832520867 0.6332327343967814
2.3087997316287865 0.1934292280929458 1.049241523614472
2.086629564458857 0.1937877266666811 0.4574961236486565
2.0894824575473203 0.016768014479668927 0.22362089529069992
