17.88616678421723 1.679820227644573e-06 0.000825193075807844
14.527892793598733 1.0785255806604875e-05 0.0021262286023480278
13.091620641763699 5.240698127981782e-08 0.0016676348094281682
12.448947946161132 7.762742759776391e-07 0.0013881562387844449
18.823962889693902 7.290436336809241e-09 0.0017121291624683705
11.926638201732093 4.802968281345556e-08 0.0008835551584561833
17.64664217165526 1.393658844359882e-08 0.00042371335077661775
10.451840478983568 2.160964189019466e-06 0.001020279310645598
8.952983374023953 4.852610736138968e-07 0.000865148798625859
9.915826191845278 6.036485439310123e-07 0.0008431316774894368
13.060307494347324 5.3932323824614715e-08 0.0015518139217096914
9.14774190660638 5.212566333460843e-06 0.0011265348356886036
9.29299459597742 7.188835004940587e-08 0.0024589089899787094
19.713561142807407 1.6631954164022184e-05 0.0025558439535094536
14.166125721423935 5.2243211297134934e-08 0.0023791070001179058
12.174001422249084 1.3964602141489488e-06 0.0006771369444498439
14.11412576287912 1.2247988558004806e-07 0.0011525377799361928
9.5060727191293 6.145936969922985e-08 0.001242172740352876
18.410454591404147 2.0500771764384677e-07 0.0020857556426057498
22.5540344207601 2.915963457049418e-06 0.0008569901526571506
18.914069495292143 6.826661984232717e-07 0.0015508345781679426
14.233266809451361 6.977922365307681e-06 0.0023621370847087954
9.026600036052603 1.1534893391980669e-05 0.0017674560500186322
16.25136095847535 5.0987071403093574e-08 0.0005100385501039234
11.395070703786532 3.612198261051658e-07 0.0022786344928484733
13.672263257535798 8.156029782496943e-09 0.000931339291724592
11.872714088862054 2.2245697565149632e-07 0.0014145278862962192
8.159213863290104 7.868444034974342e-06 0.002483872438859545
13.765546560859395 2.753575963320309e-08 0.0012231959133633139
8.942432756959613 1.760037482835287e-07 0.003331317370104835
8.949403854250457 4.703460745412599e-08 0.001072321420296497
9.694992724029184 2.6846350158108672e-08 0.0008903363333431133
12.030511905115882 9.515618709294911e-09 0.0008801065400673078
20.14505736144844 6.050260847337366e-08 0.0010944395719110812
17.13113432589941 9.450222534225637e-05 0.0018488522280792332
14.576201656243574 2.521962470216432e-07 0.000640124228480119
17.259759868955026 7.791956105067853e-08 0.0009407856022402655
13.700510542499746 7.432626450798167e-07 0.0011978152390239914
7.304549894012811 7.856634712962703e-08 0.0006635433572801268
15.843782739926016 1.785324206912662e-05 0.0010576722336081605
16.592568652096777 9.449734232441919e-07 0.002141623079093628
15.558033988272909 1.9838636673354888e-06 0.0018743981304393295
25.45643308329971 0.0003419824245394211 0.0018158729588036932
13.128051098687171 8.834279857362336e-07 0.0015929172335779136
14.442864184664838 4.7648458818461026e-07 0.0009300145939565608
15.766949307931176 1.884087370933741e-08 0.0012417546084786295
15.554780446002813 2.8999840967454768e-06 0.00318154932447779
14.89321888382411 3.0266442320426024e-07 0.0010711250065761633
15.698350460812252 1.5827559818187354e-07 0.002781670916357005
11.457844993090815 4.368483339495668e-07 0.0018783059658937333
8.101270765920619 5.691489668791032e-06 0.001934679482212627
18.16334399755535 4.971076336511645e-07 0.0020031204989871447
13.654573939214123 1.7697266007491025e-06 0.0018415472566828553
18.25016863659512 3.854107115544185e-08 0.002372538433092317
9.162676679591852 6.094204717160239e-08 0.001217238175857838
13.287338449865944 4.950315038518627e-08 0.0016152279501520474
5.4722782336832285 3.918721542588516e-07 0.0010965850498991787
13.212289130318133 2.5731329629115877e-08 0.0019021433189999426
9.101342339493627 3.154348098814722e-08 0.0008475195488634773
14.966633423862465 1.7237520365042625e-07 0.0012622561598662002
9.429730955338334 5.225945057625289e-08 0.0009965594917306815
12.194126670892338 3.5494029373879436e-08 0.0019302996494725273
13.04809826690234 2.6351302637199096e-07 0.00018567409476972338
13.777253207658827 2.0028987762829633e-07 0.0019889917025534554
17.6133934533899 2.0536838273773878e-08 0.0008591717662692159
17.693247484489433 5.613295975753122e-07 0.00158778813904694
14.440139903137347 2.9187869458484237e-06 0.0008625471318657627
7.951873222089386 8.166426275769033e-08 0.0011346194039738
17.010230015797447 9.036645360784932e-08 0.001408616685831162
8.857040052456624 1.1276556297386593e-05 0.0023216787625281285
11.104028355929795 2.1476214953150756e-08 0.001107923656216716
12.152201667909853 5.749136998445414e-07 0.0015191569414939128
17.24540191360167 7.92967750970246e-07 0.0007341234233479453
11.840748084288403 6.68960339536992e-08 0.0018942787494480454
16.835211881850384 6.490372882652409e-07 0.0017954777487303516
11.654919969537895 5.3219000615840606e-08 0.0013806365839290795
12.097521739219529 6.0738982741618945e-05 0.0004764735614741614
18.243121745583807 6.14200241171926e-06 0.0008721013925386857
12.068875872452956 4.219303892749269e-08 0.0012768078407309408
11.431217831225958 1.624801688261138e-08 0.0008615402173807969
7.169129863644491 4.230441964346075e-08 0.0007768487330287846
9.083963960728465 2.9169722786951542e-06 0.0019413572935629364
15.150507881687693 2.91209985630742e-08 0.0004263478397278704
19.332226365279688 9.659701342256026e-07 0.001037132635948831
16.225843094030665 1.4872020100917475e-08 0.0007983618014797734
12.45511789259863 1.587944039314884e-06 0.002223067422914204
17.669952208435635 1.793330179008315e-07 0.00032746855408285406
17.57082073172696 2.1809694971901055e-08 0.0006509981467937223
12.213387705392057 1.0480483960411725e-05 0.0013317392514207295
6.3599763171323875 2.6847133689842667e-07 0.0011930977729281073
12.54178543028495 1.0843836146633458e-05 0.0012572267159637878
18.179536219784765 1.5215867419351274e-06 0.001095206394959855
17.69475385065371 3.795177416121317e-07 0.001918418717330136
12.43273268849005 7.3666123843019375e-06 0.001359790947861909
12.983617823143527 3.182169688405301e-08 0.0013919485706130126
11.038312455295172 4.1908275948529675e-08 0.0013738275142347388
12.335964849725215 6.42577021367973e-07 0.0012282499580680882
13.295099849478303 1.0319310647626518e-08 0.00051613995361241
12.05977129457213 3.814789211141789e-08 0.0029276770576061083
7.37467757648654 1.1732403997333155e-07 0.0010579813884152754
15.185310892648538 8.548584110007321e-09 0.0018226406720946514
14.348463687441795 1.1066483919699091e-07 0.0010861089029672057
8.70384529365193 2.2282987149853773e-05 0.000992273027612646
15.88751776198928 7.720417724643577e-06 0.0014891165810978235
17.266836707150656 4.852834166627434e-08 0.001262465661293069
14.309627871238462 7.102469102413118e-06 0.0026733930570108054
16.290379204201408 1.904632162009327e-07 0.0013689450736035665
15.450174299158824 1.9069849532958347e-05 0.0012676611400980777
17.811111744211637 1.5731127283569624e-07 0.0004886729935481629
11.25485917789112 6.065381719877242e-08 0.001131224310218873
17.465635669290545 3.4168250447601497e-06 0.0006623165943645074
8.786773105326565 3.328984756954874e-05 0.000717983307689842
10.01289797836025 1.875255807956135e-06 0.001718518838372859
13.531894731219051 5.273965701001875e-08 0.0013242499115442019
11.0090040864563 6.159591126708209e-08 0.0030276559289724916
17.652986703816687 1.789940874798278e-06 0.002565120519668854
13.078508562052143 2.411817637761377e-07 0.0008271782693839069
13.167854118682412 7.676580716974163e-08 0.004179754170957166
12.6427427800693 6.866143182096187e-06 0.001297857791927725
8.006898381606263 8.072266218403612e-08 0.00047860256074102816
11.767972928915938 2.5759222630768734e-08 0.0006872319320018153
17.82964297653377 7.352230951878487e-06 0.000761246173141303
13.473306616464923 2.9487680652047e-08 0.002693916663069424
16.08124419877521 4.4783815088701076e-07 0.00064872915617905
14.034797723507353 3.0484023576561124e-07 0.0012649367126786964
9.479342916030278 8.720505541520663e-07 0.002598511578458228
6.012251889570674 2.6225150082027146e-06 0.00108036091177173
12.502242929687052 2.585980094125528e-07 0.0007875791684983121
20.153247715711835 3.934358921317312e-06 0.0011105146411700046
19.57974887254147 9.838644851231644e-05 0.0013757056931386709
11.657019780254021 1.783295527489509e-07 0.0009528427085548709
12.514551628526595 2.769940867471708e-08 0.0012087717725547018
7.007568673908113 2.6144074081817513e-06 0.0004569608929921422
16.70765281191167 2.6144074081817513e-06 0.0004569608929921422
16.70765281191167 2.6144074081817513e-06 0.0004569608929921422
